8.684998e+08	 7.014927e-01	 7.304063e+08	 1.157616e+09	 1.047938e-02	 4481
1.430507e+09	 3.531728e-01	 1.157616e+09	 1.834698e+09	 7.435629e-03	 2256
2.275238e+09	 1.676632e-01	 1.834698e+09	 2.907800e+09	 5.123219e-03	 1071
3.597672e+09	 1.077052e-01	 2.907800e+09	 4.608552e+09	 4.106222e-03	 688
5.694900e+09	 5.557463e-02	 4.608552e+09	 7.304063e+09	 2.949595e-03	 355
8.993567e+09	 2.864833e-02	 7.304063e+09	 1.157616e+10	 2.117745e-03	 183
1.405509e+10	 1.424589e-02	 1.157616e+10	 1.834697e+10	 1.493375e-03	 91
2.225997e+10	 3.287513e-03	 1.834697e+10	 2.907800e+10	 7.173942e-04	 21
3.586291e+10	 2.035127e-03	 2.907800e+10	 4.608553e+10	 5.644427e-04	 13
5.266225e+10	 6.261930e-04	 4.608553e+10	 7.304063e+10	 3.130965e-04	 4
