3.917615e-02	9.926444e-01	-5.677346e+00	1.423284e+00	6.704000e+06	2.364684e+02
5.750273e-02	8.319430e-01	-3.424577e+00	1.554682e+00	2.119991e+07	6.931722e+01
8.440247e-02	6.899607e-01	-2.050176e+00	1.707168e+00	6.704000e+07	1.941654e+01
1.238859e-01	5.659325e-01	-1.216376e+00	1.884977e+00	2.119991e+08	5.103173e+00
1.818396e-01	4.583431e-01	-7.148675e-01	2.094561e+00	6.704000e+08	1.227349e+00
2.669040e-01	3.660231e-01	-4.154529e-01	2.343873e+00	2.119991e+09	2.599851e-01
3.917615e-01	2.877379e-01	-2.383436e-01	2.643564e+00	6.704000e+09	4.581466e-02
5.750273e-01	2.222684e-01	-1.347658e-01	3.007803e+00	2.119991e+10	6.158694e-03
8.440247e-01	1.683554e-01	-7.495461e-02	3.456008e+00	6.704000e+10	5.511359e-04
1.238859e+00	1.247417e-01	-4.092067e-02	4.014971e+00	2.119991e+11	2.638648e-05
1.818396e+00	9.014009e-02	-2.185608e-02	4.723124e+00	6.704001e+11	4.690781e-07
2.669040e+00	6.332915e-02	-1.139265e-02	5.634904e+00	2.119991e+12	1.665835e-09
3.917615e+00	4.308050e-02	-5.773431e-03	6.832002e+00	6.704000e+12	3.897440e-13
5.750273e+00	2.824126e-02	-2.833169e-03	8.438132e+00	2.119991e+13	7.675133e-19
8.440247e+00	1.773314e-02	-1.339032e-03	1.064867e+01	6.704000e+13	2.264681e-28
1.238859e+01	1.058853e-02	-6.050626e-04	1.378067e+01	2.119991e+14	0.000000e+00
1.818396e+01	5.965012e-03	-2.591313e-04	1.836042e+01	6.704000e+14	0.000000e+00
2.669040e+01	3.141044e-03	-1.040171e-04	2.530179e+01	2.119991e+15	0.000000e+00
3.917616e+01	1.531366e-03	-3.869505e-05	3.623671e+01	6.704000e+15	0.000000e+00
5.750273e+01	6.860404e-04	-1.317672e-05	5.413941e+01	2.119991e+16	0.000000e+00
